306F707363
4800000000000052
4C2956AA6710CF28
F536FEEBEAB57120
00000095BB14243E
7A88C65AC7DA49B6
09AC7D4BC8566B8B
2E003F1C5D750D65
0AA7D20000000000
0000000000000000
0000000000000000
0000000000000000
0000000000000000
0000000000000000
0000000000000000
0000000000000000
0000000000000000
0000000000000000
0000000000000000
0000000000000000
0000000000000000
0000000000000000
0000000000000000
0000000000000000
0000000000000000
0000000000000000
0000000000000000
0000000000000000
0000000000000000
0000000000000000
0000000000000000
0000000000000000
0000000000000000
0000000000000000
0000000000000000
0000000000000000
0000000000000000
0000000000000000
0000000000000000
0000000000000000
0000000000000000
0000000000000000
0000000000000000
0000000000000000
0000000000000000
0000000000000000
0000000000000000
0000000000000000
0000000000000000
0000000000000000
0000000000000000
0000000000000000
0000000000000000
0000000000000000
0000000000000000
00000008A9CBB427
F35F5A0D98765A3F
A1A5D5F101BB452E
884FAAA2448ECBED
0172C300000000